18.44 62.24 71.83 71.30
14.65 39.25 78.01 76.36
31.43 49.98 76.78 81.80
39.45 56.73 87.50 70.26
27.12 48.94 83.03 74.94
56.01 60.43 60.17 74.94
42.65 28.28 74.81 95.42
30.78 56.51 80.94 74.83
47.04 33.34 91.34 66.96
39.78 61.52 72.19 74.29
37.98 52.94 78.16 57.98
31.87 46.52 78.59 68.40
24.89 33.31 55.46 47.86
30.17 44.96 82.40 59.08
31.26 31.84 81.26 87.96
28.77 33.12 69.84 79.50
19.69 61.85 49.75 73.58
37.92 42.99 70.54 55.59
12.08 63.67 73.12 59.30
30.72 63.96 82.06 70.63
56.81 57.94 85.17 60.44
36.07 43.62 70.96 79.97
30.45 65.39 84.54 79.22
30.10 44.33 72.16 71.76
43.99 61.57 84.35 56.09
39.15 54.02 80.20 63.98
30.95 56.54 94.79 72.61
33.32 56.12 80.37 62.19
24.47 54.86 73.70 82.95
14.69 35.23 64.78 63.09
32.70 69.97 73.84 67.24
30.03 52.89 69.53 65.29
54.27 56.07 80.32 66.52
12.15 57.32 80.08 62.65
37.82 62.08 63.67 63.26
14.92 58.15 65.27 67.96
18.13 50.83 79.06 73.50
27.52 59.44 101.34 73.47
35.59 50.07 65.79 42.95
30.06 61.20 71.24 73.59
17.51 65.34 63.76 65.32
46.36 51.58 66.30 76.06
40.51 36.41 74.70 62.89
51.18 43.08 64.88 74.46
29.64 36.90 84.47 69.39
27.22 62.39 60.44 53.81
44.23 63.43 71.83 65.37
38.53 28.64 76.29 73.04
31.01 55.63 64.63 65.69
19.02 32.65 61.71 56.20
23.50 58.21 91.33 73.51
26.78 39.41 66.34 75.49
42.15 41.98 69.59 70.57
16.57 40.51 62.97 65.63
14.83 35.17 78.46 73.85
15.11 56.85 59.27 86.39
25.45 39.12 84.31 63.99
35.91 58.84 74.97 72.58
22.14 61.78 81.60 74.66
18.40 45.81 64.23 59.55
21.86 48.87 82.10 66.04
21.71 48.18 72.08 55.88
37.17 55.93 92.28 79.12
25.51 64.57 72.32 51.62
34.97 39.63 71.63 66.75
32.25 55.17 67.64 69.84
32.88 48.62 80.06 65.05
19.64 36.80 75.08 68.66
30.66 52.81 60.44 60.40
8.52 51.21 72.78 48.71
31.73 55.74 83.90 54.23
36.39 71.72 61.01 72.21
26.62 51.77 69.56 61.52
40.28 39.97 68.02 48.01
22.22 52.80 84.62 70.07
39.99 49.72 74.76 49.60
52.17 64.53 75.53 74.59
21.27 33.68 83.07 79.03
47.98 57.34 69.14 61.48
41.61 48.54 74.99 57.99
41.77 40.19 56.54 92.50
20.01 40.42 71.42 73.18
33.39 45.29 53.09 78.48
43.89 55.35 78.49 72.42
16.22 45.38 80.32 77.51
31.53 56.30 69.60 62.19
30.93 67.98 83.35 91.04
40.41 45.31 91.48 78.34
24.28 54.15 52.97 86.22
38.17 53.01 73.44 68.27
18.65 51.20 68.78 80.56
6.93 45.88 68.89 63.86
18.89 32.06 55.22 83.41
18.08 43.46 59.25 75.00
33.56 56.63 80.41 68.19
24.86 39.12 90.51 78.14
7.45 19.22 75.74 72.64
32.28 55.17 58.51 66.43
31.55 48.02 74.38 78.51
36.17 36.68 88.87 72.11
27.79 31.38 73.60 70.35
12.60 65.71 59.37 86.57
25.79 44.98 57.56 75.85
24.36 38.50 96.89 85.39
21.30 66.58 63.63 85.74
29.36 58.25 68.71 67.94
29.67 49.01 73.95 78.09
24.36 44.52 70.70 81.77
7.53 65.18 70.15 76.53
29.29 42.69 68.88 70.63
24.48 57.54 80.59 69.85
41.50 67.87 72.24 74.57
9.51 39.50 80.34 63.95
19.30 41.02 64.88 67.01
34.54 49.70 75.45 70.87
36.87 70.29 66.80 73.25
37.09 44.29 54.40 75.23
31.17 53.26 71.37 77.64
50.16 58.54 71.01 52.66
26.57 45.60 78.69 65.30
29.95 62.45 64.73 69.78
46.61 49.16 64.77 72.27
36.10 63.08 68.76 70.72
38.76 19.16 61.54 74.17
32.80 56.32 58.74 69.96
27.72 54.84 81.25 74.08
29.39 46.96 58.15 66.22
24.29 48.04 57.95 54.84
29.77 39.79 71.18 47.67
38.54 62.80 67.12 62.39
19.83 52.71 60.29 72.05
45.52 56.48 83.44 56.45
25.42 65.20 64.31 70.63
29.37 41.69 68.84 89.11
40.99 42.02 75.17 73.44
40.04 57.24 70.62 81.15
30.12 42.37 74.81 72.48
40.02 43.71 69.29 55.29
31.87 51.98 84.93 80.85
22.39 42.42 68.81 63.98
32.53 41.66 58.17 71.90
20.30 49.73 69.31 70.39
19.22 47.43 74.36 70.01
14.51 54.02 71.14 60.19
38.84 56.27 69.24 82.90
14.43 56.92 71.56 81.66
24.64 43.16 68.08 76.45
30.30 39.13 79.61 95.91
27.81 61.00 70.62 60.01
27.74 32.19 71.30 85.30
11.70 43.73 81.06 79.10
9.93 58.96 50.43 71.18
47.24 22.38 76.82 47.23
41.76 56.60 85.85 65.13
53.30 53.77 82.62 77.48
24.39 57.32 73.55 73.85
29.61 39.34 54.84 76.58
28.09 42.81 75.62 77.30
27.37 34.72 68.46 50.70
41.80 56.55 73.28 80.24
35.91 58.90 78.02 79.04
17.48 39.07 78.18 79.60
28.51 22.67 60.75 63.52
37.93 46.00 77.32 61.82
34.34 53.41 62.52 71.51
41.13 48.27 79.60 72.59
14.82 37.22 69.42 51.34
34.60 49.53 82.64 82.98
21.06 38.93 79.52 69.77
28.27 39.72 83.92 62.59
16.51 56.33 66.05 77.90
27.98 51.22 103.04 70.51
34.27 39.40 50.49 85.71
40.74 57.48 61.19 66.51
46.29 45.67 65.46 76.04
32.59 42.91 72.65 82.29
51.97 37.67 85.10 85.28
14.20 40.27 67.86 77.51
20.68 55.96 77.20 81.72
27.86 35.25 81.87 63.10
22.74 36.64 89.07 66.03
55.72 31.90 62.39 42.51
20.87 41.66 58.99 59.92
33.95 46.63 70.96 69.78
20.77 51.13 76.93 64.19
37.02 48.93 70.50 67.10
29.15 43.32 80.06 68.51
21.30 53.32 74.59 80.91
43.99 39.59 70.26 79.95
36.81 24.27 53.09 67.21
48.17 60.29 72.65 74.77
31.78 44.68 86.52 62.08
22.02 50.75 61.80 76.98
31.87 57.00 75.05 62.67
22.50 53.13 70.70 65.28
29.90 38.65 87.89 63.61
25.50 33.10 47.47 71.79
28.77 37.13 71.96 68.38
25.04 44.77 64.43 78.21
34.32 36.67 61.06 56.91
29.58 46.97 64.64 58.29
33.47 49.27 46.49 74.63
16.41 46.66 65.81 83.35
27.32 51.87 65.44 74.65
26.72 60.22 69.61 63.94
27.25 42.07 75.63 53.26
24.05 30.54 63.11 58.68
30.03 61.96 62.75 73.44
25.18 41.86 58.10 67.57
30.94 70.45 83.65 51.79
30.86 50.92 57.81 77.27
50.23 33.88 81.22 40.00
18.75 55.05 78.40 61.06
14.57 48.13 68.40 67.64
39.64 45.14 63.65 63.52
28.04 57.44 67.20 61.65
33.41 46.53 72.78 59.54
27.66 57.37 81.40 63.52
10.85 36.56 85.88 77.08
13.96 35.24 72.85 72.74
30.93 53.29 59.79 57.88
43.55 49.88 61.51 88.69
32.51 66.76 74.83 84.43
39.93 51.40 68.56 53.90
38.11 49.91 73.29 82.08
23.86 65.29 81.57 75.82
14.99 48.18 71.73 65.29
24.48 70.66 76.90 75.72
48.57 47.51 72.34 78.03
45.87 46.01 76.08 60.46
17.92 52.94 53.02 64.94
34.40 45.54 81.71 54.56
27.54 52.59 66.39 65.04
40.50 41.60 62.27 83.55
22.35 52.16 67.80 58.60
28.53 34.53 71.62 78.27
34.74 60.64 52.01 65.51
29.51 55.75 74.02 54.58
38.76 30.82 77.18 65.70
45.15 45.69 63.60 74.34
27.11 54.70 69.17 69.03
41.43 35.02 59.19 61.82
38.35 48.41 81.72 68.47
25.05 32.90 77.72 67.55
34.83 55.82 64.22 73.78
22.16 54.37 81.85 64.34
39.72 67.70 68.12 62.19
20.73 49.73 83.94 65.01
21.49 47.87 68.38 85.12
20.80 61.73 86.59 73.57
34.14 52.28 63.76 61.94
12.06 50.59 89.26 56.21
7.63 41.49 73.91 75.54
13.27 29.11 80.89 66.05
8.62 40.00 71.52 61.05
26.41 42.50 80.83 70.35
16.97 56.98 74.01 90.26
56.08 65.11 57.16 53.25
23.19 38.20 85.73 69.72
27.82 57.25 72.57 70.36
24.70 51.94 67.65 81.93
33.50 60.78 71.86 67.76
30.60 49.85 70.62 63.68
18.85 53.01 59.96 59.68
31.88 42.90 64.42 64.30
22.91 47.10 72.53 79.38
22.76 53.60 66.79 77.49
29.15 44.08 80.76 74.87
22.83 40.41 90.17 68.22
29.83 61.85 53.20 87.66
23.33 56.20 75.19 78.00
35.37 59.33 67.44 68.04
12.62 57.76 58.46 57.25
12.18 57.04 72.35 57.64
27.63 49.39 71.76 63.40
40.51 66.47 75.43 71.01
35.90 36.79 53.73 71.02
4.24 49.91 72.24 75.15
19.72 52.95 72.89 79.56
33.75 54.28 72.96 64.07
36.53 59.31 73.02 65.52
20.31 57.91 74.21 59.81
12.53 51.84 73.23 80.12
28.31 45.02 71.66 85.01
21.23 35.76 50.20 55.61
28.79 48.70 64.21 71.31
24.92 69.13 52.49 78.84
18.87 42.97 90.74 70.18
41.11 52.51 64.56 84.93
34.70 55.82 72.14 55.24
23.23 44.85 68.89 71.97
30.06 54.82 58.56 59.93
15.01 35.51 74.46 67.01
13.03 50.79 79.17 49.45
5.59 27.97 77.42 60.03
25.96 40.01 67.53 72.85
38.36 44.69 68.35 52.50
30.00 33.92 62.26 76.79
28.31 44.71 81.10 82.26
15.55 47.92 68.67 80.33
